Rank	Freq	Keyness	Keyword
1	1136	2191.533	я
2	1086	52.293	не
3	1067	121.068	что
4	947	979.271	то
5	854	1819.592	вот
6	817	2209.101	А
7	787	339.755	это
8	626	1692.653	Ну
9	614	1254.391	там
10	608	254.389	как
11	539	1267.698	ну
12	502	226.351	у
13	485	100.245	а
14	401	279.391	мы
15	397	291.81	так
16	369	793.725	да
17	364	478.424	очень
18	364	891.5	ты
19	346	174.93	есть
20	341	922.036	Я
21	326	881.477	Да
22	313	200.16	было
23	312	843.623	Вот
24	305	824.695	И
25	284	600.521	меня
26	281	610.608	мне
27	278	1.243	он
28	262	73.813	все
29	242	654.348	В
30	227	305.314	нас
31	227	87.133	они
32	218	166.846	когда
33	212	88.782	бы
34	208	37.367	уже
35	202	546.192	нрзб
36	198	129.146	она
37	198	310.865	просто
38	196	217.603	потому
39	189	511.041	Б
40	187	449.573	знаю
41	181	489.409	э
42	165	87.469	нет
43	164	268.148	вообще
44	164	38.875	же
45	160	131.134	была
46	158	427.219	всё
47	158	286.391	потом
48	154	416.403	Это
49	145	392.068	ещё
50	143	20.142	был
51	141	183.478	тоже
52	140	9.533	еще
53	138	14.835	или
54	138	373.141	Нет
55	137	113.347	такой
56	129	348.805	Мама
57	119	321.766	эээ
58	115	234.638	общем
59	114	308.247	Говорящий
60	113	233.677	про
61	112	187.621	такая
62	111	8.323	были
63	110	2.278	сейчас
64	109	0.009	их
65	108	23.948	даже
66	103	56.197	раз
67	103	259.896	тебе
68	99	267.688	Лиля
69	98	196.355	нибудь
70	97	9.803	чтобы
71	96	46.348	где
72	95	246.353	тебя
73	95	201.015	типа
74	94	254.168	П
75	93	149.7	значит
76	92	94.456	много
77	89	240.649	Бабушка
78	88	237.945	Анна
79	88	101.188	какие
80	86	232.537	Но
81	84	109.642	какой
82	83	224.425	Настя
83	83	7.054	этот
84	82	48.423	кто
85	81	219.017	ээ
86	80	48.242	надо
87	77	65.382	конечно
88	77	208.202	У
89	76	205.498	Рома
90	76	72.733	такое
91	76	205.498	Ты
92	75	10.18	больше
93	75	3.179	можно
94	74	200.09	Не
95	74	200.09	смех
96	74	200.09	Что
97	73	58.781	вы
98	73	59.948	такие
99	69	81.313	самом
100	69	23.921	три
101	68	68.281	нам
102	68	183.866	То
103	66	178.459	Костя
104	66	178.459	Студент
105	65	175.755	короче
106	65	0.738	лет
107	64	49.929	деле
108	64	173.051	Логопед
109	64	173.051	На
110	63	170.347	Ребенок
111	61	59.943	ничего
112	61	164.939	Оля
113	60	162.235	Маша
114	60	162.235	С
115	60	98.831	тут
116	60	68.915	хорошо
117	59	159.531	Так
118	58	156.827	Мы
119	58	94.275	наверное
120	58	156.827	Там
121	58	9.291	тогда
122	57	144.619	брат
123	57	154.123	помню
124	57	54.206	пять
125	57	70.048	сказать
126	56	151.419	Арина
127	55	148.716	Как
128	55	148.716	Полина
129	54	0.077	два
130	54	2.045	поэтому
131	53	143.308	Ваня
132	53	55.627	думаю
133	53	143.308	Катя
134	53	1.597	эти
135	52	140.604	М
136	52	140.604	Мне
137	50	135.196	Алёна
138	50	135.196	Гузель
139	50	16.12	него
140	50	6.041	человек
141	50	135.196	Эльза
142	50	0.448	этой
143	49	32.988	люди
144	49	2.239	например
145	49	46.912	почему
146	49	79.187	прямо
147	49	132.492	Смех
148	48	129.788	Говорят
149	48	79.614	минут
150	47	21.231	всегда
151	47	21.929	день
152	47	127.084	Елена
153	47	93.241	кстати
154	47	36.128	себе
155	46	24.385	здесь
156	46	1.135	ни
157	46	124.38	Никита
158	46	65.312	одновременно
159	46	124.38	Саша
160	46	80.748	туда
161	45	88.324	моему
162	45	12.222	эту
163	44	53.212	кажется
164	44	118.972	Угу
165	43	116.268	Все
166	43	116.268	К
167	42	77.565	говорю
168	42	113.565	Они
169	41	110.861	Он
170	41	69.11	получается
171	41	110.861	Т
172	41	3.379	хотя
173	40	24.565	делать
174	40	99.353	знаешь
175	40	108.157	ладно
176	40	0.383	нужно
177	40	99.353	школу
178	40	108.157	эм
179	39	13.938	говорить
180	39	105.453	её
181	39	4.133	именно
182	39	17.038	людей
183	38	102.749	Алексей
184	38	43.198	жизни
185	38	102.749	Ирина
186	38	102.749	Ольга
187	38	34.358	сколько
188	38	102.749	Э
189	37	91.395	двадцать
190	37	11.327	достаточно
191	37	100.045	ха
192	37	3.972	эта
193	36	97.341	Л
194	36	97.341	ммм
195	36	97.341	Потому
196	36	60.407	хочу
197	36	97.341	Юля
198	35	94.637	Андрей
199	35	55.442	какая
200	35	11.39	себя
201	34	50.757	могу
202	34	68.755	мой
203	34	61.709	нравится
204	34	20.525	одна
205	34	91.933	Она
206	34	6.132	этим
207	33	89.229	Интервьюер
208	33	75.095	люблю
209	32	67.846	ba
210	32	86.525	mama
211	32	25.531	две
212	32	86.525	Лера
213	32	86.525	Роман
214	31	83.821	Р
215	31	19.86	четыре
216	30	0.257	дело
217	30	0.012	ему
218	30	1.709	теперь
219	29	78.414	блин
220	29	44.57	буду
221	29	78.414	Старший
222	28	6.637	говорят
223	28	75.71	давай
224	28	44.873	какое
225	28	26.222	куда
226	28	1.237	м
227	28	50.632	нормально
228	28	0.034	первый
229	28	3.255	сам
230	28	19.272	сама
231	28	5.091	сделать
232	28	21.359	таки
233	28	67.609	хотела
234	27	51.559	детей
235	27	73.006	ездили
236	27	33.865	иногда
237	27	73.006	Ой
238	27	64.976	понравилось
239	27	24.481	слова
240	27	18.762	совсем
241	26	70.302	M
242	26	70.302	Булат
243	26	31.855	вам
244	26	40.388	вроде
245	26	17.267	ей
246	26	70.302	З
247	26	49.137	интересно
248	26	70.302	мама
249	26	70.302	Потом
250	26	62.346	рассказать
251	26	21.546	смысле
252	26	70.302	хочешь
253	25	67.598	H
254	25	67.598	Варвара
255	25	67.598	Вика
256	25	67.598	Голос
257	25	35.834	жизнь
258	25	18.799	каждый
259	25	67.598	Короче
260	25	2.279	оно
261	25	67.598	Татьяна
262	25	59.72	хочется
263	24	51.99	всякие
264	24	64.894	Когда
265	24	5.277	нее
266	24	64.894	Очень
267	24	29.688	принципе
268	24	3.52	своей
269	24	12.723	чего
270	24	10.537	шесть
271	23	2.866	времени
272	23	49.449	можешь
273	23	38.908	называется
274	23	13.859	равно
275	23	21.492	самое
276	23	2.6	такого
277	23	2.349	те
278	22	59.486	Ага
279	22	29.482	дома
280	22	59.486	Если
281	22	25.725	какую
282	22	59.486	Матвей
283	22	51.858	мм
284	22	59.486	Может
285	22	6.598	ней
286	22	1.418	некоторые
287	22	59.486	О
288	22	22.523	обычно
289	22	25.725	часов
290	22	59.486	чтоб
291	22	10.175	чуть
292	22	51.858	школе
293	22	59.486	Ээ
294	21	1.951	большой
295	21	56.782	Виктор
296	21	56.782	Вообще
297	21	11.132	далее
298	21	56.782	Есть
299	21	44.39	жили
300	21	22.185	жить
301	21	44.39	класс
302	21	9.648	кого
303	21	56.782	Миша
304	21	56.782	наверно
305	21	31.771	опять
306	21	56.782	По
307	21	7.728	соответственно
308	21	44.39	спасибо
309	21	56.782	тобой
310	21	22.185	язык
311	20	54.078	Всё
312	20	54.078	Галя
313	20	54.078	дети
314	20	54.078	Дочка
315	20	17.611	друг
316	20	27.367	другому
317	20	54.078	думала
318	20	9.123	лучше
319	20	15.257	моя
320	20	2.933	свой
321	20	54.078	Эээ
322	19	10.072	говоря
323	19	7.929	дальше
324	19	20	долго
325	19	12.692	каких
326	19	51.374	Лариса
327	19	23.349	места
328	19	5.171	место
329	19	4.296	нельзя
330	19	6.168	никогда
331	19	0.029	ним
332	19	51.374	Павел
333	19	5.653	плюс
334	19	51.374	Поэтому
335	19	44.033	приехали
336	19	51.374	прям
337	19	51.374	расскажи
338	19	27.413	слово
339	19	0.372	стоит
340	19	17.179	хотел
341	19	51.374	чём
342	18	48.671	аа
343	18	4.705	весь
344	18	8.072	вечером
345	18	48.671	Вы
346	18	48.671	говоришь
347	18	48.671	Или
348	18	2.795	итоге
349	18	48.671	Конечно
350	18	48.671	Младший
351	18	48.671	Москве
352	18	30.204	немножко
353	18	5.677	никто
354	18	25.271	понимаю
355	18	1.095	пор
356	18	48.671	Просто
357	18	8.072	разных
358	18	12.178	сильно
359	18	21.364	тему
360	18	0.166	тот
361	18	48.671	тридцать
362	18	36.865	учиться
363	18	48.671	фильм
364	18	25.271	хоть
365	17	8.253	довольно
366	17	17.814	допустим
367	17	15.033	заниматься
368	17	45.967	зовут
369	17	45.967	Игорь
370	17	45.967	Из
371	17	45.967	кадром
372	17	25.378	моей
373	17	11.665	начал
374	17	45.967	неё
375	17	45.967	Почему
376	17	45.967	Сейчас
377	17	45.967	ходила
378	17	34.377	час
379	17	2.417	человека
380	16	43.263	sg
381	16	43.263	Ааа
382	16	1.541	всем
383	16	0.208	второй
384	16	3.386	десять
385	16	0.289	дня
386	16	23.204	дом
387	16	43.263	Е
388	16	11.155	естественно
389	16	11.155	каким
390	16	19.187	кем
391	16	21.074	кому
392	16	14.604	наша
393	16	28.485	получилось
394	16	31.902	пошла
395	16	9.302	разные
396	16	43.263	родители
397	16	17.5	русский
398	16	14.604	уж
399	16	36.255	учитель
400	16	31.902	ходили
401	16	43.263	Хорошо
402	16	15.981	читать
403	16	25.642	языке
404	15	40.559	Y
405	15	40.559	ааа
406	15	10.648	вас
407	15	26.135	видео
408	15	40.559	Г
409	15	40.559	Давай
410	15	26.135	ж
411	15	26.135	зачем
412	15	40.559	Значит
413	15	29.441	играть
414	15	40.559	классе
415	15	14.193	метро
416	15	40.559	минуты
417	15	0.101	момент
418	15	7.952	наш
419	15	4.731	нашей
420	15	5.273	одно
421	15	26.135	пожалуйста
422	15	33.676	понял
423	15	3.772	понятно
424	15	1.46	раньше
425	15	4.731	самый
426	15	10.648	семь
427	15	10.648	семьи
428	15	40.559	Сергей
429	15	5.273	сих
430	15	0.855	слишком
431	15	0.056	сразу
432	15	29.441	сюда
433	15	7.197	точно
434	15	23.397	школа
435	15	40.559	што
436	14	37.855	бабушка
437	14	31.106	будешь
438	14	10.145	вещи
439	14	11.241	вся
440	14	23.807	г
441	14	37.855	говори
442	14	18.948	девять
443	14	31.106	домой
444	14	37.855	Кирилл
445	14	37.855	любит
446	14	37.855	Ммм
447	14	37.855	Н
448	14	6.669	наши
449	14	6.669	одну
450	14	37.855	ОлегСергеевич
451	14	1.628	особенно
452	14	37.855	помнишь
453	14	2.914	правда
454	14	37.855	пятнадцать
455	14	13.804	реально
456	14	37.855	России
457	14	5.35	сказали
458	14	37.855	смотрю
459	14	5.35	сначала
460	14	0.775	совершенно
461	14	37.855	Три
462	14	37.855	утра
463	13	35.151	D
464	13	35.151	Алина
465	13	18.996	бывает
466	13	4.84	восемь
467	13	21.505	говорила
468	13	35.151	господи
469	13	35.151	девочка
470	13	18.996	другую
471	13	35.151	Еще
472	13	21.505	какими
473	13	7.719	каком
474	13	28.545	концерт
475	13	35.151	Кто
476	13	35.151	куча
477	13	3.298	мало
478	13	12.031	месте
479	13	35.151	Мм
480	13	21.505	мои
481	13	35.151	ой
482	13	0.208	основном
483	13	35.151	поехали
484	13	12.031	пойти
485	13	28.545	поняла
486	13	12.031	рублей
487	13	35.151	Света
488	13	18.996	смотреть
489	13	21.505	специально
490	13	28.545	твои
491	13	35.151	Тут
492	13	35.151	угу
493	13	18.996	улице
494	13	35.151	учились
495	13	24.568	ходить
496	13	18.996	хотелось
497	13	21.505	честно
498	13	35.151	Юлия
499	13	16.875	языка
500	12	32.447	ага
501	12	32.447	берег
502	12	0.989	видимо
503	12	2.443	всю
504	12	8.118	главное
505	12	32.447	Господи
506	12	3.29	давно
507	12	19.231	делали
508	12	25.995	делаю
509	12	32.447	детстве
510	12	11.63	друзья
511	12	32.447	думаешь
512	12	32.447	Думаю
513	12	2.443	знает
514	12	3.785	идти
515	12	32.447	квартиру
516	12	32.447	кешью
517	12	25.995	купил
518	12	19.231	купить
519	12	32.447	Ладно
520	12	32.447	любят
521	12	19.231	маленький
522	12	22.161	мать
523	12	22.161	машина
524	12	8.118	море
525	12	16.847	надеюсь
526	12	32.447	Надо
527	12	2.845	наших
528	12	5.614	недавно
529	12	22.161	нравятся
530	12	10.317	плане
531	12	10.317	плохо
532	12	22.161	поговорить
533	12	3.785	постоянно
534	12	32.447	пятьдесят
535	12	2.845	решил
536	12	0.79	своим
537	12	19.231	семье
538	12	1.215	сложно
539	12	32.447	смешно
540	12	1.215	собой
541	12	11.63	спокойно
542	11	29.743	inan
543	11	0.709	большая
544	11	19.778	вдруг
545	11	29.743	весело
546	11	29.743	Владислав
547	11	7.607	всеми
548	11	0.183	говорили
549	11	29.743	давали
550	11	29.743	девочки
551	11	29.743	Ещё
552	11	11.261	завтра
553	11	29.743	знала
554	11	29.743	кадра
555	11	29.743	Какой
556	11	19.778	квартире
557	11	29.743	круто
558	11	4.423	машины
559	11	11.261	минус
560	11	3.83	наоборот
561	11	0.109	первой
562	11	12.862	писала
563	11	29.743	понимаешь
564	11	14.741	посмотреть
565	11	5.087	прошли
566	11	29.743	Расскажи
567	11	29.743	Рассказчик
568	11	3.299	серьезно
569	11	23.458	сижу
570	11	7.607	скажем
571	11	29.743	смотри
572	11	11.261	собственно
573	11	29.743	Соседка
574	11	29.743	спать
575	11	14.741	считаю
576	11	11.261	тысячи
577	11	12.862	утром
578	11	9.878	хорошие
579	11	4.423	хотели
580	11	0.183	часто
581	11	5.087	школы
582	10	12.683	б
583	10	17.423	будто
584	10	0.13	быстро
585	10	27.039	восемьдесят
586	10	27.039	девяносто
587	10	27.039	До
588	10	27.039	ехать
589	10	27.039	забыл
590	10	12.683	знаете
591	10	27.039	картинка
592	10	4.561	ко
593	10	0.326	летом
594	10	27.039	Михаил
595	10	17.423	мной
596	10	27.039	Можно
597	10	17.423	написано
598	10	0.824	начали
599	10	27.039	озеро
600	10	27.039	окей
601	10	17.423	отец
602	10	17.423	пошел
603	10	27.039	прикольно
604	10	14.79	пришла
605	10	0.824	работа
606	10	20.936	рассказывала
607	10	27.039	ребята
608	10	9.462	рядом
609	10	0.025	сами
610	10	27.039	своё
611	10	3.331	сказала
612	10	27.039	смешок
613	10	27.039	смеётся
614	10	27.039	собака
615	10	27.039	Спасибо
616	10	8.196	темы
617	10	27.039	ушёл
618	10	27.039	холодно
619	10	8.196	хороший
620	10	0.067	хотят
621	9	24.335	A
622	9	24.335	n
623	9	24.335	Аа
624	9	24.335	Ан
625	9	24.335	Анатолий
626	9	24.335	Ар
627	9	15.102	берут
628	9	24.335	Блин
629	9	2.352	большое
630	9	15.102	брали
631	9	2.352	ведет
632	9	10.682	взяли
633	9	3.396	взять
634	9	24.335	видишь
635	9	24.335	вкус
636	9	0.548	голос
637	9	9.08	город
638	9	0.387	города
639	9	4.036	городе
640	9	7.738	давайте
641	9	24.335	двенадцать
642	9	24.335	Дедушка
643	9	2.839	другое
644	9	2.352	другом
645	9	18.432	друзей
646	9	6.597	живут
647	9	18.432	жил
648	9	10.682	зала
649	9	18.432	институте
650	9	18.432	интересные
651	9	9.08	историю
652	9	24.335	Какие
653	9	12.636	какого
654	9	24.335	классно
655	9	24.335	кошки
656	9	24.335	кхм
657	9	24.335	Леонид
658	9	15.102	маленькая
659	9	15.102	машине
660	9	2.839	мир
661	9	18.432	мое
662	9	7.738	нами
663	9	10.682	народ
664	9	0.742	насколько
665	9	0.083	невозможно
666	9	1.929	непонятно
667	9	6.597	обратно
668	9	3.396	особо
669	9	2.352	отношение
670	9	24.335	переехали
671	9	15.102	половиной
672	9	24.335	Понятно
673	9	4.036	пошли
674	9	24.335	Привет
675	9	0.033	пришлось
676	9	24.335	расскажу
677	9	5.617	решили
678	9	9.08	руки
679	9	15.102	семья
680	9	2.352	следующий
681	9	0.083	столько
682	9	0.387	страна
683	9	0.548	такую
684	9	24.335	танцами
685	9	7.738	текст
686	9	18.432	учителя
687	9	0.973	хочет
688	9	24.335	чай
689	9	15.102	часа
690	8	21.631	acc
691	8	21.631	nom
692	8	21.631	ааa
693	8	2.889	абсолютно
694	8	12.821	английский
695	8	21.631	Белоруссии
696	8	5.095	брать
697	8	21.631	бывают
698	8	3.512	взял
699	8	21.631	ГоворящийА
700	8	21.631	ГоворящийБ
701	8	21.631	Давайте
702	8	5.095	далеко
703	8	5.095	дают
704	8	15.951	дверь
705	8	21.631	двести
706	8	21.631	делаешь
707	8	4.241	длинные
708	8	5.095	друга
709	8	21.631	ЕГЭ
710	8	15.951	едем
711	8	21.631	За
712	8	15.951	замечательно
713	8	2.889	занимается
714	8	21.631	иии
715	8	21.631	Илья
716	8	21.631	интересного
717	8	0.01	история
718	8	21.631	Италии
719	8	21.631	кашель
720	8	21.631	Кому
721	8	21.631	Кстати
722	8	12.821	купила
723	8	21.631	любишь
724	8	0.467	любой
725	8	8.75	людям
726	8	21.631	Лёва
727	8	12.821	маленькие
728	8	21.631	мамой
729	8	0.313	могла
730	8	10.537	модель
731	8	21.631	моих
732	8	21.631	Москву
733	8	21.631	Москвы
734	8	21.631	Надя
735	8	4.241	немного
736	8	0.104	нему
737	8	21.631	неудобно
738	8	15.951	нечего
739	8	0.313	никак
740	8	21.631	Никит
741	8	7.302	ночь
742	8	7.302	нужен
743	8	8.75	обязательно
744	8	2.354	опыт
745	8	1.173	осталось
746	8	15.951	паре
747	8	10.537	пару
748	8	21.631	поехал
749	8	10.537	приехал
750	8	1.173	путь
751	8	15.951	работала
752	8	1.505	разговор
753	8	0.659	районе
754	8	6.103	рано
755	8	7.302	решила
756	8	15.951	родителей
757	8	2.889	сделал
758	8	5.095	сделали
759	8	21.631	смесь
760	8	15.951	смотрел
761	8	21.631	смотрела
762	8	0.893	сожалению
763	8	21.631	Соответственно
764	8	21.631	студентов
765	8	21.631	твой
766	8	21.631	типо
767	8	12.821	тяжело
768	8	21.631	училась
769	8	21.631	учится
770	8	10.537	ушли
771	8	21.631	хе
772	8	12.821	ходят
773	8	8.75	хорошая
774	8	21.631	эт
775	7	18.927	Александра
776	7	18.927	бабушкой
777	7	18.927	Борис
778	7	18.927	брови
779	7	5.621	буквы
780	7	10.59	вечера
781	7	4.575	вещей
782	7	13.498	взяла
783	7	2.386	видно
784	7	2.386	вышел
785	7	5.621	говорим
786	7	13.498	готовили
787	7	18.927	Два
788	7	18.927	двери
789	7	2.99	двумя
790	7	18.927	детьми
791	7	18.927	друзьями
792	7	18.927	ездить
793	7	13.498	женщина
794	7	18.927	живёт
795	7	18.927	забыла
796	7	18.927	задание
797	7	18.927	здорово
798	7	3.711	зимой
799	7	8.507	знал
800	7	0.577	идут
801	7	13.498	интересный
802	7	5.621	казалось
803	7	18.927	Карл
804	7	18.927	квартиры
805	7	10.59	километров
806	7	18.927	колесико
807	7	18.927	красивый
808	7	13.498	лагеря
809	7	6.902	любовь
810	7	18.927	мемы
811	7	0.814	минимум
812	7	8.507	можете
813	7	18.927	Моя
814	7	8.507	настолько
815	7	8.507	начинается
816	7	6.902	нашем
817	7	6.902	нашли
818	7	1.457	неделю
819	7	18.927	ненавижу
820	7	18.927	нету
821	7	6.902	номер
822	7	4.575	общаться
823	7	1.105	остался
824	7	3.711	остальное
825	7	13.498	папа
826	7	18.927	парень
827	7	1.457	перевести
828	7	18.927	Плюс
829	7	18.927	Пока
830	7	1.881	получится
831	7	18.927	Помнишь
832	7	18.927	понравилась
833	7	13.498	понравились
834	7	1.457	попал
835	7	18.927	пытаюсь
836	7	1.105	рассказывали
837	7	18.927	ребенок
838	7	18.927	секунд
839	7	3.711	скоро
840	7	4.575	слов
841	7	18.927	Смеется
842	7	18.927	сорок
843	7	0.058	становится
844	7	8.507	стоят
845	7	18.927	супер
846	7	0.814	та
847	7	13.498	твоя
848	7	18.927	троих
849	7	18.927	троллейбус
850	7	8.507	улица
851	7	18.927	умер
852	7	18.927	учился
853	7	18.927	Франции
854	7	18.927	Ха
855	7	18.927	Хотя
856	7	13.498	человечек
857	7	4.575	чему
858	7	8.507	чисто
859	7	18.927	читаю
860	7	2.99	ясно
861	6	16.224	distinct
862	6	11.081	m
863	6	16.224	onion
864	6	16.224	PART
865	6	16.224	S
866	6	16.224	автобусе
867	6	16.224	бабушки
868	6	2.47	безусловно
869	6	16.224	бешбармак
870	6	16.224	боже
871	6	0.494	большие
872	6	0.078	большую
873	6	3.181	буквально
874	6	16.224	бутово
875	6	16.224	верно
876	6	6.563	видел
877	6	0.736	виду
878	6	16.224	волосы
879	6	16.224	Вроде
880	6	11.081	всяких
881	6	16.224	выпускной
882	6	16.224	вышла
883	6	1.041	главного
884	6	16.224	готовился
885	6	16.224	грустно
886	6	16.224	детство
887	6	1.892	доме
888	6	11.081	думали
889	6	8.424	ездил
890	6	11.081	женщины
891	6	16.224	Жигули
892	6	16.224	загрузили
893	6	11.081	закончила
894	6	16.224	запомнила
895	6	16.224	Здесь
896	6	6.563	знаем
897	6	16.224	Знаешь
898	6	5.158	знак
899	6	6.563	играет
900	6	16.224	играли
901	6	16.224	иду
902	6	16.224	идёт
903	6	0.494	институт
904	6	16.224	Иран
905	6	16.224	Ирана
906	6	4.059	каждого
907	6	16.224	Казахстана
908	6	3.181	класса
909	6	16.224	коллектив
910	6	16.224	кормила
911	6	8.424	короткий
912	6	16.224	Крым
913	6	16.224	Куда
914	6	3.181	культура
915	6	16.224	лагере
916	6	11.081	лагерь
917	6	1.422	легко
918	6	16.224	лингвистике
919	6	16.224	литературу
920	6	0.736	лично
921	6	16.224	лук
922	6	16.224	любил
923	6	16.224	любимый
924	6	16.224	математике
925	6	16.224	мем
926	6	16.224	Меня
927	6	3.181	миллионов
928	6	5.158	мясо
929	6	16.224	Над
930	6	16.224	Нам
931	6	2.47	намного
932	6	11.081	написала
933	6	6.563	началась
934	6	2.47	начинает
935	6	1.422	наше
936	6	3.181	нашего
937	6	16.224	немец
938	6	6.563	неплохо
939	6	5.158	никуда
940	6	16.224	ногой
941	6	16.224	ноль
942	6	11.081	носили
943	6	16.224	обед
944	6	16.224	Обычно
945	6	16.224	одиннадцать
946	6	16.224	одни
947	6	16.224	орешки
948	6	11.081	поговорим
949	6	16.224	подумала
950	6	16.224	покупайте
951	6	16.224	Пол
952	6	16.224	полу
953	6	16.224	польский
954	6	16.224	Помню
955	6	16.224	понравился
956	6	16.224	поступил
957	6	16.224	пошёл
958	6	0.078	появились
959	6	16.224	преподаватели
960	6	16.224	привет
961	6	16.224	прихожу
962	6	16.224	причём
963	6	1.422	пришел
964	6	0.494	пришли
965	6	1.892	прошло
966	6	1.892	пусть
967	6	16.224	Пять
968	6	16.224	пятёрка
969	6	6.563	район
970	6	6.563	рассказывать
971	6	8.424	рождения
972	6	2.47	роман
973	6	11.081	русские
974	6	1.041	самые
975	6	16.224	Саш
976	6	16.224	семьдесят
977	6	8.424	семью
978	6	16.224	Сколько
979	6	16.224	Слушай
980	6	11.081	слышно
981	6	16.224	снимали
982	6	16.224	снимать
983	6	1.422	снова
984	6	4.059	сообщение
985	6	16.224	спал
986	6	11.081	спрашивают
987	6	11.081	спросить
988	6	6.563	сто
989	6	8.424	страшно
990	6	16.224	студенты
991	6	11.081	судить
992	6	0.172	сути
993	6	0.172	таком
994	6	16.224	Типа
995	6	16.224	Тогда
996	6	5.158	точнее
997	6	0.172	ту
998	6	1.422	тысяч
999	6	8.424	увидел
1000	6	11.081	учителей
1001	6	16.224	учителем
1002	6	11.081	ушел
1003	6	11.081	ходил
1004	6	3.181	хотим
1005	6	16.224	худи
1006	6	3.181	целый
1007	6	16.224	Чего
1008	6	16.224	чё
1009	6	1.892	школ
1010	6	2.47	шли
1011	6	8.424	штук
1012	6	16.224	шёл
1013	6	16.224	Эм
1014	6	16.224	Эмм
1015	6	16.224	этаж
1016	5	13.52	NUM
1017	5	13.52	автобус
1018	5	13.52	антифриз
1019	5	13.52	арахис
1020	5	13.52	бабушку
1021	5	13.52	баллов
1022	5	6.341	берет
1023	5	6.341	билет
1024	5	1.954	ближе
1025	5	13.52	Вау
1026	5	13.52	Венера
1027	5	13.52	вернее
1028	5	13.52	вертолет
1029	5	1.954	вещь
1030	5	0.034	взгляд
1031	5	3.549	вид
1032	5	13.52	видела
1033	5	8.712	видеть
1034	5	13.52	вкусный
1035	5	13.52	Владимир
1036	5	13.52	вложил
1037	5	8.712	вниз
1038	5	13.52	Во
1039	5	13.52	восемнадцать
1040	5	0.987	восьми
1041	5	1.41	второе
1042	5	0.002	выбор
1043	5	13.52	выставках
1044	5	3.549	выходные
1045	5	13.52	вышло
1046	5	13.52	Гешу
1047	5	13.52	голову
1048	5	13.52	Гончар
1049	5	13.52	Горбачёв
1050	5	13.52	гости
1051	5	8.712	грубо
1052	5	13.52	Грустный
1053	5	13.52	грязь
1054	5	13.52	гэкаю
1055	5	13.52	Даже
1056	5	13.52	двадцати
1057	5	13.52	Дед
1058	5	13.52	дед
1059	5	8.712	делаем
1060	5	6.341	делала
1061	5	0.987	делают
1062	5	2.651	держать
1063	5	0.987	детали
1064	5	8.712	детства
1065	5	13.52	доехали
1066	5	1.954	дороже
1067	5	13.52	ездила
1068	5	13.52	ест
1069	5	13.52	ехали
1070	5	0.108	желание
1071	5	13.52	жестко
1072	5	13.52	живу
1073	5	13.52	жила
1074	5	1.954	заранее
1075	5	13.52	зашли
1076	5	13.52	звук
1077	5	13.52	Земли
1078	5	2.651	знать
1079	5	1.41	идее
1080	5	13.52	идешь
1081	5	0.108	изначально
1082	5	13.52	ИльяМихайлович
1083	5	8.712	имею
1084	5	0.108	иначе
1085	5	13.52	инопланетян
1086	5	8.712	ка
1087	5	0.232	каждом
1088	5	13.52	Какая
1089	5	13.52	камеру
1090	5	13.52	картинки
1091	5	13.52	КИЛИ
1092	5	13.52	килограмм
1093	5	8.712	классов
1094	5	6.341	книги
1095	5	13.52	колесо
1096	5	13.52	комнате
1097	5	13.52	коридоре
1098	5	6.341	корпус
1099	5	6.341	корреспондентом
1100	5	13.52	красиво
1101	5	13.52	красивые
1102	5	13.52	крестик
1103	5	13.52	крысу
1104	5	3.549	купили
1105	5	13.52	лекцию
1106	5	13.52	лилии
1107	5	13.52	лингвисты
1108	5	13.52	лука
1109	5	13.52	Лучше
1110	5	13.52	Люди
1111	5	4.731	магазин
1112	5	13.52	Маккартни
1113	5	13.52	мальчик
1114	5	13.52	Марина
1115	5	13.52	Мария
1116	5	13.52	Марс
1117	5	13.52	математический
1118	5	8.712	машину
1119	5	13.52	Меровинги
1120	5	13.52	мечты
1121	5	13.52	миндаль
1122	5	4.731	многим
1123	5	13.52	Могу
1124	5	13.52	мол
1125	5	13.52	Москва
1126	5	13.52	мужик
1127	5	8.712	мужчина
1128	5	1.954	н
1129	5	13.52	нагло
1130	5	8.712	назывался
1131	5	13.52	най
1132	5	8.712	недалеко
1133	5	13.52	ненавидят
1134	5	13.52	Ни
1135	5	0.412	никакой
1136	5	1.41	никому
1137	5	0.412	нужны
1138	5	13.52	Нуу
1139	5	13.52	нуу
1140	5	13.52	нём
1141	5	13.52	одновременнно
1142	5	13.52	ок
1143	5	13.52	Окей
1144	5	4.731	осталась
1145	5	8.712	остановиться
1146	5	1.954	оттуда
1147	5	1.41	оценки
1148	5	13.52	пальто
1149	5	8.712	переехать
1150	5	8.712	писать
1151	5	13.52	платье
1152	5	2.651	победил
1153	5	13.52	подожди
1154	5	13.52	подумал
1155	5	13.52	поехала
1156	5	0.987	поздно
1157	5	0.108	показывает
1158	5	0.232	поле
1159	5	13.52	Получается
1160	5	13.52	получалось
1161	5	4.731	последняя
1162	5	13.52	построили
1163	5	8.712	приходили
1164	5	13.52	проронил
1165	5	0.987	проходят
1166	5	8.712	прочее
1167	5	8.712	прочим
1168	5	1.954	пытался
1169	5	13.52	пятом
1170	5	2.651	пятый
1171	5	1.41	различные
1172	5	13.52	расписание
1173	5	13.52	ребят
1174	5	13.52	ребёнок
1175	5	13.52	рентген
1176	5	13.52	родителям
1177	5	1.954	русская
1178	5	0.108	русского
1179	5	8.712	русском
1180	5	0.412	самая
1181	5	3.549	самую
1182	5	0.232	своими
1183	5	13.52	своём
1184	5	13.52	сестра
1185	5	13.52	сидела
1186	5	8.712	сидит
1187	5	13.52	скажи
1188	5	4.731	скажу
1189	5	13.52	скайп
1190	5	4.731	складывается
1191	5	8.712	следующая
1192	5	2.651	словами
1193	5	0.412	слышал
1194	5	13.52	снимаешь
1195	5	4.731	стоять
1196	5	4.731	суть
1197	5	13.52	сходить
1198	5	13.52	счёт
1199	5	13.52	твёрдый
1200	5	13.52	театр
1201	5	13.52	Тебе
1202	5	8.712	телефон
1203	5	13.52	тину
1204	5	13.52	толстовка
1205	5	13.52	Только
1206	5	0.66	третьем
1207	5	13.52	увидела
1208	5	4.731	угодно
1209	5	13.52	удобно
1210	5	13.52	удовольствие
1211	5	13.52	умел
1212	5	13.52	уметь
1213	5	8.712	успела
1214	5	13.52	учёба
1215	5	13.52	физике
1216	5	13.52	физику
1217	5	13.52	фильмов
1218	5	13.52	фильмы
1219	5	0.412	хватает
1220	5	13.52	хихи
1221	5	13.52	Хорватии
1222	5	8.712	хорошее
1223	5	8.712	цветы
1224	5	2.651	церковь
1225	5	8.712	человеком
1226	5	13.52	Чем
1227	5	13.52	читает
1228	5	13.52	шестьдесят
1229	5	13.52	штука
1230	5	13.52	щас
1231	5	13.52	Эд
1232	5	13.52	Эх
